941 136
499 822
5 148
873 565
524 323
653 12
521 147
823 822
754 745
672 790
1 351
53 168
918 862
841 149
27 487
554 981
668 292
401 274
639 155
524 844
645 510
531 159
549 629
311 997
770 345
389 755
315 412
368 874
883 214
26 261
965 472
634 781
822 552
591 185
559 110
552 1006
935 739
813 848
964 279
55 586
115 1017
43 1022
756 766
53 85
327 241
627 364
1001 375
92 266
250 151
266 839
135 15
888 131
1006 501
615 370
968 1019
219 597
733 922
790 26
786 572
989 723
953 220
442 151
335 670
472 676
316 662
518 1006
527 807
85 253
322 478
980 668
964 255
527 74
213 683
486 1002
162 722
646 882
511 767
14 865
70 965
806 460
45 727
368 134
128 692
959 426
698 619
474 57
870 394
349 707
64 741
793 892
139 95
403 88
64 785
662 587
238 840
698 426
670 680
153 817
531 595
500 830
653 942
741 824
213 535
435 921
491 70
897 830
563 362
416 402
911 422
795 974
458 553
440 923
54 867
102 311
984 587
659 457
392 214
224 765
685 662
71 759
514 548
826 10
258 751
391 117
172 167
100 850
341 437
961 77
71 273
416 779
55 551
39 412
134 890
844 93
37 297
367 448
188 741
595 989
181 708
786 682
897 700
531 682
713 661
674 77
938 972
659 902
1017 491
526 645
469 714
351 924
842 717
280 584
902 742
521 144
834 451
860 845
473 38
325 308
873 936
330 0
799 613
524 979
1010 71
509 34
949 763
591 486
613 899
353 774
861 200
621 521
807 383
579 42
581 422
867 911
729 813
865 382
686 46
613 601
568 239
786 104
962 408
403 874
1015 733
969 331
620 576
976 654
233 815
127 763
402 990
14 460
555 477
135 729
284 986
677 951
606 575
711 619
982 187
127 435
742 558
779 158
942 904
434 156
699 693
272 539
524 559
140 120
356 678
442 132
37 325
294 927
664 594
711 77
738 997
684 417
683 500
156 569
283 430
672 330
1011 55
598 703
227 1019
223 917
501 321
468 462
545 54
308 176
168 590
15 790
122 414
404 193
325 43
638 1012
71 78
785 573
932 428
415 38
119 215
384 25
943 541
501 303
519 481
328 524
761 892
474 217
96 404
243 926
985 274
778 94
748 78
828 553
707 1005
138 40
742 1007
828 262
324 892
791 408
69 864
695 271
982 714
857 66
296 801
190 99
935 468
248 498
853 605
20 124
24 827
33 898
281 31
1014 558
756 961
325 770
189 195
705 812
571 206
82 959
267 62
707 619
699 482
500 411
467 802
164 257
212 226
738 111
146 539
116 324
732 543
128 351
482 564
692 815
725 464
813 247
325 945
435 935
680 273
558 105
425 387
801 634
132 210
427 664
92 196
936 901
549 25
833 878
933 112
1005 554
196 107
388 922
602 525
657 982
344 193
88 647
422 937
255 415
961 36
455 46
169 654
497 28
425 815
89 208
828 909
948 599
142 530
526 196
612 139
612 507
516 618
1000 314
965 599
770 353
814 820
291 184
407 412
350 698
436 321
222 614
460 506
311 161
683 444
892 169
429 817
427 424
231 585
25 652
68 565
948 757
957 699
811 698
760 154
286 376
580 949
74 723
904 873
228 752
679 64
74 154
736 391
393 60
249 813
305 845
91 679
671 142
68 241
824 766
224 19
989 912
835 921
347 795
717 388
345 504
121 754
248 864
442 537
849 926
745 804
933 106
465 749
304 69
587 736
196 466
250 998
952 91
588 593
565 960
972 250
20 838
1003 405
77 287
837 566
705 227
32 759
853 549
335 449
748 964
1014 767
744 919
386 175
722 294
496 71
660 434
260 426
197 180
1007 154
446 862
202 550
118 179
756 19
897 498
424 404
377 167
45 32
271 787
216 819
641 756
393 1016
990 784
963 308
477 676
14 35
541 488
96 320
906 199
574 120
766 321
119 71
487 35
148 456
1016 957
325 762
64 690
971 411
969 503
237 229
549 445
921 725
403 730
916 686
488 441
87 671
640 256
260 642
732 367
561 847
320 946
609 286
653 461
263 768
449 506
453 809
351 596
1001 449
972 118
566 220
5 951
374 375
852 362
413 919
145 905
588 880
292 981
967 184
47 712
578 11
803 24
874 220
429 327
143 120
229 418
841 770
785 424
826 478
101 757
283 80
805 219
411 887
758 350
210 19
138 907
290 61
182 804
1013 106
877 280
493 806
296 901
414 1024
266 129
164 162
359 590
242 502
998 564
434 104
849 746
438 854
46 800
690 267
320 773
551 435
821 110
710 544
529 576
720 953
147 416
563 201
298 656
614 635
681 662
337 62
975 361
7 932
177 963
270 212
342 147
678 455
970 113
565 713
934 95
753 779
27 979
644 85
6 210
964 998
11 6
590 1015
503 652
640 141
16 706
842 1002
952 528
839 743
640 743
799 558
941 537
346 78
460 742
897 941
979 558
105 166
567 1000
775 997
363 358
364 881
615 236
830 452
351 529
114 207
855 398
801 1011
684 152
711 861
757 261
663 802
734 616
599 698
918 518
508 152
866 349
764 677
699 35
127 937
74 209
42 716
989 432
872 752
381 496
389 697
193 986
906 263
466 66
592 646
388 1008
239 726
743 275
997 514
200 261
148 704
131 180
126 881
396 927
59 705
975 98
395 893
87 248
381 401
146 533
798 609
238 790
982 487
777 249
111 845
371 328
199 101
73 892
445 484
941 553
40 387
400 199
852 223
149 798
38 54
248 276
602 713
570 215
211 257
742 792
622 703
1010 1005
21 718
978 288
196 243
786 22
774 643
835 558
231 128
164 582
203 138
387 38
361 18
95 555
501 692
236 231
525 267
40 750
539 764
70 231
894 460
606 576
256 32
253 335
633 426
466 890
245 956
776 345
770 464
804 780
282 705
175 632
735 476
637 954
16 516
56 932
1014 601
687 196
238 160
620 521
293 471
463 867
96 826
287 694
931 744
167 516
863 268
933 504
419 733
226 533
45 46
823 833
907 538
60 1014
333 196
164 323
253 314
654 240
234 716
989 95
1 838
380 346
1002 365
146 491
233 72
260 544
361 484
360 1021
861 824
453 738
528 574
401 654
714 278
56 864
895 374
431 528
807 1006
908 336
862 370
383 246
827 482
21 610
820 947
893 21
932 593
705 102
24 449
378 603
1017 930
808 559
359 427
924 52
337 580
231 463
683 122
948 558
883 401
685 115
463 951
166 166
198 787
309 460
944 698
311 647
807 110
332 425
878 201
657 267
766 443
523 520
967 578
450 24
434 562
342 656
467 698
231 567
879 583
364 951
312 582
68 472
400 978
92 472
850 490
930 154
85 818
1015 397
179 475
16 221
112 824
39 148
880 896
549 54
1005 43
741 649
928 603
64 252
685 151
565 848
751 608
420 152
413 600
627 277
760 1019
563 977
917 17
16 436
755 139
170 632
835 473
320 372
121 241
454 990
472 304
437 473
888 294
356 319
117 170
201 263
480 92
215 431
453 256
401 885
372 443
871 81
945 858
370 205
799 872
281 764
171 222
627 149
494 944
692 260
839 447
529 500
584 875
628 1017
110 122
529 750
220 102
17 903
265 733
862 549
827 750
766 771
475 919
269 1018
1018 685
854 606
324 944
372 362
454 589
397 850
93 512
345 547
648 541
506 964
461 855
729 612
644 384
730 711
641 904
392 716
277 599
192 216
507 384
98 1014
588 82
55 59
40 477
116 13
323 632
101 6
277 708
943 672
819 152
275 471
999 779
549 899
17 967
493 761
747 755
301 837
529 906
794 870
863 981
165 786
730 138
625 546
924 773
284 376
925 574
547 581
617 101
125 20
3 433
905 622
744 86
179 599
1007 706
684 966
183 831
68 772
872 720
729 385
623 491
601 334
882 29
191 372
475 410
630 408
445 328
49 166
497 10
515 1023
341 939
917 671
151 9
919 809
802 538
669 107
595 677
79 849
126 736
330 859
538 924
994 711
484 181
216 421
1020 726
465 100
517 46
71 756
500 566
6 487
570 48
853 779
919 287
381 351
394 881
466 524
508 569
299 152
141 873
935 1010
549 605
9 100
258 582
930 173
356 872
985 827
860 200
372 303
763 371
99 982
675 955
386 805
489 228
915 797
429 525
579 201
572 965
309 413
87 906
593 279
422 482
815 316
989 890
361 256
210 292
125 307
705 891
797 498
178 741
945 804
335 981
916 329
204 209
190 335
14 24
118 36
47 173
547 190
767 678
776 422
217 543
570 507
321 859
368 128
333 254
670 63
64 698
649 881
169 484
754 536
221 439
243 355
921 799
177 597
383 291
920 266
282 548
310 406
177 121
716 594
146 377
228 470
225 194
702 152
1006 439
742 884
763 811
131 482
351 419
124 917
221 638
995 616
641 523
694 753
117 942
137 700
68 716
480 997
397 781
527 669
31 295
469 419
860 836
106 771
983 273
203 69
642 156
836 176
633 704
61 761
668 925
615 902
29 887
407 869
585 677
171 152
11 929
529 958
903 364
604 749
812 6
777 81
390 995
2 1022
737 883
102 866
680 285
712 419
816 730
214 752
55 134
825 690
523 343
63 678
606 470
252 767
990 369
924 307
451 907
279 514
651 647
723 1005
333 534
185 329
593 591
171 933
819 402
166 775
50 367
1000 96
771 661
558 529
455 164
509 575
233 875
335 276
